date,open,high,low,close,volume
2022-12-14,3.7,3.75,3.21,3.37,2311041.0
2022-12-15,3.12,3.35,2.51,2.58,539368.0
2022-12-16,2.35,2.5,2.1,2.19,171626.0
2022-12-19,1.92,1.9918,1.72,1.83,167588.0
2022-12-20,1.89,2.7,1.76,2.7,257018.0
2022-12-21,2.64,3.69,2.42,3.57,1227369.0
2022-12-22,3.45,3.8864,3.05,3.3,570828.0
2022-12-23,3.29,3.3399,3.05,3.0953,252969.0
2022-12-27,3.06,3.06,2.5,2.555,80553.0
2022-12-28,2.7,2.8,2.2169,2.38,691102.0
2022-12-29,2.1,2.19,1.98,2.08,123817.0
2022-12-30,2.02,2.04,1.81,1.99,98653.0
2023-01-03,2.04,2.25,2.04,2.15,69392.0
2023-01-04,2.15,2.1714,2.01,2.08,61785.0
2023-01-05,2.08,2.15,1.9001,2.14,42204.0
2023-01-06,2.14,2.14,2.0113,2.07,22768.0
2023-01-09,1.95,2.09,1.9175,2.09,68929.0
2023-01-10,2.0,2.77,1.933,2.68,205037.0
2023-01-11,2.84,2.84,2.2755,2.44,165872.0
2023-01-12,2.45,2.6,2.33,2.49,100497.0
2023-01-13,2.42,2.55,2.2601,2.5,9172.0
2023-01-17,2.33,2.49,2.13,2.3101,33313.0
2023-01-18,2.39,2.4599,2.1205,2.2001,49492.0
2023-01-19,2.2,2.2,2.1099,2.2,15376.0
2023-01-20,2.21,2.2797,2.11,2.19,20386.0
2023-01-23,2.28,2.3899,2.1501,2.355,41946.0
2023-01-24,2.35,2.76,2.3,2.54,91575.0
2023-01-25,2.57,2.57,2.33,2.5,12088.0
2023-01-26,2.54,2.56,2.36,2.49,39422.0
2023-01-27,2.4087,2.69,2.4,2.62,52381.0
2023-01-30,2.63,2.633,2.5,2.5501,18934.0
2023-01-31,2.51,2.8,2.5,2.7201,60897.0
2023-02-01,2.82,2.85,2.65,2.81,41736.0
2023-02-02,2.85,3.16,2.7004,2.96,58040.0
2023-02-03,2.96,3.2499,2.85,3.21,51073.0
2023-02-06,3.18,3.4,3.18,3.33,58431.0
2023-02-07,3.38,3.39,2.87,3.07,57704.0
2023-02-08,2.99,3.22,2.91,3.06,23345.0
2023-02-09,3.0898,3.1,2.8,2.89,29497.0
2023-02-10,2.99,3.0199,2.85,2.95,17593.0
2023-02-13,3.21,3.21,2.85,2.99,21703.0
2023-02-14,2.88,2.88,2.51,2.67,75011.0
2023-02-15,2.52,2.75,2.52,2.73,7754.0
2023-02-16,2.7,2.87,2.6508,2.84,8831.0
2023-02-17,2.73,2.95,2.73,2.85,5916.0
2023-02-21,2.7995,2.97,2.75,2.87,10427.0
2023-02-22,2.87,2.9251,2.7505,2.9,10964.0
2023-02-23,2.76,2.95,2.76,2.89,4723.0
2023-02-24,2.708,2.87,2.7001,2.79,6070.0
2023-02-27,2.71,2.71,2.6016,2.68,2267.0
2023-02-28,2.6,2.73,2.6,2.73,9795.0
2023-03-01,2.82,3.18,2.38,2.54,81982.0
2023-03-02,2.54,2.55,2.26,2.52,12714.0
2023-03-03,2.6868,2.6868,2.4001,2.56,3402.0
2023-03-06,2.41,2.73,2.41,2.655,4690.0
2023-03-07,2.72,2.72,2.41,2.62,3909.0
2023-03-08,2.4087,2.64,2.4087,2.64,5793.0
2023-03-09,2.56,2.72,2.41,2.7,4598.0
2023-03-10,2.575,2.75,2.4,2.66,4306.0
2023-03-13,2.59,2.62,2.1494,2.285,9197.0
2023-03-14,2.19,2.47,2.16,2.42,18297.0
2023-03-15,2.37,2.39,2.155,2.25,9724.0
2023-03-16,2.31,2.31,1.92,2.0,39761.0
2023-03-17,2.0,2.11,1.85,1.94,8750.0
2023-03-20,1.92,2.1,1.75,2.04,14312.0
2023-03-21,2.1,2.1,1.8,1.99,11250.0
2023-03-22,1.95,1.95,1.76,1.79,19999.0
2023-03-23,1.8,1.8,1.51,1.55,90080.0
2023-03-24,1.58,2.06,1.58,1.85,147739.0
2023-03-27,1.8,1.935,1.72,1.9,15629.0
2023-03-28,1.75,1.91,1.63,1.9099,32718.0
2023-03-29,1.85,1.9,1.65,1.78,17717.0
2023-03-30,1.71,1.79,1.515,1.68,37853.0
2023-03-31,1.75,2.0,1.75,2.0,17276.0
2023-04-03,1.95,2.08,1.72,1.91,7138.0
2023-04-04,1.95,2.17,1.67,2.04,42423.0
2023-04-05,1.98,2.18,1.89,2.06,16651.0
2023-04-06,1.97,2.08,1.7429,2.01,3849.0
2023-04-10,1.82,2.08,1.71,1.98,18760.0
2023-04-11,1.7592,1.8612,1.71,1.83,11832.0
2023-04-12,1.87,1.87,1.7,1.8,11170.0
2023-04-13,1.725,1.82,1.66,1.77,4775.0
2023-04-14,1.681,1.8,1.681,1.77,3843.0
2023-04-17,1.72,1.78,1.65,1.74,4364.0
2023-04-18,1.76,1.79,1.64,1.79,10868.0
2023-04-19,1.86,2.2,1.76,2.09,94360.0
2023-04-20,2.07,2.09,1.86,1.97,18751.0
2023-04-21,1.86,1.95,1.78,1.93,19780.0
2023-04-24,2.03,2.06,1.88,2.06,5226.0
2023-04-25,1.87,2.0,1.76,2.0,20276.0
2023-04-26,1.84,2.0,1.75,2.0,6040.0
2023-04-27,1.9218,1.95,1.69,1.85,32638.0
2023-04-28,2.06,2.06,1.75,2.04,69230.0
2023-05-01,2.325,2.4398,2.01,2.1501,74936.0
2023-05-02,2.15,2.15,1.88,1.99,38768.0
2023-05-03,1.975,2.04,1.85,2.04,21420.0
2023-05-04,1.91,2.04,1.78,1.84,48793.0
2023-05-05,1.96,1.96,1.85,1.89,10336.0
2023-05-08,1.9,1.9,1.7818,1.85,4545.0
2023-05-09,1.9,2.0085,1.855,1.99,23142.0
2023-05-10,1.94,2.0,1.73,1.87,26288.0
2023-05-11,1.76,1.85,1.695,1.74,19827.0
2023-05-12,1.71,1.83,1.65,1.74,16847.0
2023-05-15,1.8,1.8,1.675,1.73,20662.0
2023-05-16,1.75,1.8,1.68,1.79,17481.0
2023-05-17,1.781,1.79,1.71,1.79,7492.0
2023-05-18,1.83,2.05,1.78,2.02,57217.0
2023-05-19,2.03,2.05,1.93,1.99,10346.0
2023-05-22,1.93,1.93,1.82,1.89,21007.0
2023-05-23,1.92,2.04,1.91,2.04,13662.0
2023-05-24,1.87,2.03,1.835,1.96,18724.0
2023-05-25,1.88,1.96,1.79,1.91,10850.0
2023-05-26,1.97,1.97,1.8,1.94,12398.0
2023-05-30,1.85,1.96,1.74,1.94,51363.0
2023-05-31,1.89,1.97,1.74,1.92,22250.0
2023-06-01,1.86,1.92,1.77,1.92,23593.0
2023-06-02,1.89,1.92,1.845,1.8501,9142.0
2023-06-05,1.91,1.92,1.81,1.88,3618.0
2023-06-06,1.86,1.92,1.8405,1.9,2441.0
2023-06-07,1.9,1.95,1.81,1.91,18399.0
2023-06-08,1.83,1.91,1.83,1.89,4116.0
2023-06-09,1.95,2.29,1.9181,2.14,71002.0
2023-06-12,2.03,2.2,1.95,2.2,46197.0
2023-06-13,2.16,2.28,2.12,2.27,22262.0
2023-06-14,2.1731,2.28,2.14,2.2,30296.0
2023-06-15,2.27,2.56,2.2,2.56,16574.0
2023-06-16,2.55,2.68,2.47,2.61,30765.0
2023-06-20,2.53,2.66,2.26,2.41,13129.0
2023-06-21,2.31,2.54,2.31,2.47,38300.0
2023-06-22,2.32,2.45,2.23,2.4,12209.0
2023-06-23,2.39,2.39,1.95,2.24,17476.0
2023-06-26,2.15,2.29,2.1,2.21,6141.0
2023-06-27,2.11,2.19,1.81,2.04,20269.0
2023-06-28,2.0437,2.0437,1.9,1.98,5280.0
2023-06-29,1.84,1.98,1.81,1.97,8217.0
2023-06-30,1.88,1.9,1.83,1.83,7359.0
2023-07-03,1.86,1.9399,1.77,1.89,4117.0
2023-07-05,1.83,1.89,1.76,1.89,17674.0
2023-07-06,1.8,1.87,1.8,1.87,8046.0
2023-07-07,1.855,1.89,1.8,1.85,11366.0
2023-07-10,1.87,1.87,1.76,1.86,5395.0
2023-07-11,1.87,2.025,1.8501,1.96,8991.0
2023-07-12,1.915,2.05,1.89,2.02,29863.0
2023-07-13,1.9625,2.02,1.94,2.02,4390.0
2023-07-14,2.0,2.0,2.0,2.0,667.0
2023-07-17,1.92,2.0,1.87,1.91,26987.0
2023-07-18,1.86,1.96,1.84,1.96,9543.0
2023-07-19,1.91,1.96,1.84,1.95,6347.0
2023-07-20,1.88,1.93,1.86,1.93,7962.0
2023-07-21,1.87,1.94,1.84,1.94,5037.0
2023-07-24,1.86,1.94,1.85,1.91,7870.0
2023-07-25,1.85,1.93,1.65,1.75,40113.0
2023-07-26,1.7,1.8,1.7,1.77,5850.0
2023-07-27,1.77,1.77,1.7,1.76,1798.0
2023-07-28,1.71,1.7605,1.65,1.76,44997.0
2023-07-31,1.7,1.76,1.63,1.71,42629.0
2023-08-01,1.6799,1.6799,1.62,1.65,3377.0
2023-08-02,1.68,1.7,1.63,1.67,17292.0
2023-08-03,1.66,1.67,1.57,1.65,7593.0
2023-08-04,1.65,1.68,1.63,1.68,3367.0
2023-08-07,1.68,1.68,1.57,1.62,9246.0
2023-08-08,1.6194,1.6194,1.42,1.48,22447.0
2023-08-09,1.5,1.51,1.181,1.41,48158.0
2023-08-10,1.43,1.48,1.37,1.48,7655.0
2023-08-11,1.48,1.48,1.4688,1.47,922.0
2023-08-14,1.33,1.43,1.33,1.43,9438.0
2023-08-15,1.35,1.42,1.2,1.29,36540.0
2023-08-16,1.3,1.44,1.05,1.12,33550.0
2023-08-17,1.13,1.24,1.0201,1.08,44610.0
2023-08-18,1.04,1.08,1.01,1.06,10864.0
2023-08-21,1.03,1.05,0.91,1.03,43240.0
2023-08-22,0.9995,1.15,0.89,1.0,49863.0
2023-08-23,1.03,1.03,0.91,0.98,5279.0
2023-08-24,0.9797,0.9797,0.9797,0.9797,272.0
2023-08-25,0.94,1.08,0.94,1.08,14295.0
2023-08-28,1.11,1.18,1.08,1.17,22457.0
2023-08-29,1.26,1.35,1.08,1.27,23571.0
2023-08-30,1.28,1.33,1.17,1.29,5422.0
2023-08-31,1.1,1.33,1.1,1.3,3664.0
2023-09-01,1.2577,1.2577,1.16,1.24,4636.0
2023-09-05,1.2,1.48,1.16,1.34,13465.0
2023-09-06,1.33,1.48,1.31,1.47,4906.0
2023-09-07,1.5,1.5,1.2601,1.38,8915.0
2023-09-08,1.07,1.4796,1.02,1.31,4507.0
2023-09-11,1.25,1.42,1.18,1.27,10636.0
2023-09-12,1.12,1.3,1.05,1.24,36038.0
2023-09-13,1.215,1.26,1.1,1.17,6410.0
2023-09-14,1.08,1.15,0.95,1.05,26924.0
2023-09-15,1.06,1.08,0.9601,1.03,4319.0
2023-09-18,1.07,1.07,0.95,1.02,7105.0
2023-09-19,1.04,1.04,0.8815,0.98,14842.0
2023-09-20,0.9113,1.02,0.8605,1.01,5212.0
2023-09-21,1.01,1.33,1.01,1.17,52437.0
2023-09-22,1.17,1.25,1.17,1.22,11110.0
2023-09-25,1.23,1.23,1.08,1.14,10500.0
2023-09-26,1.05,1.14,1.0,1.08,14213.0
2023-09-27,1.07,1.1,0.99,1.08,13486.0
2023-09-28,1.08,1.14,1.0,1.09,32502.0
2023-09-29,1.08,1.08,1.04,1.07,2050.0
2023-10-02,1.01,1.08,1.0,1.07,5256.0
2023-10-03,1.0374,1.05,0.95,0.95,25143.0
2023-10-04,0.99,0.99,0.9201,0.9201,2812.0
2023-10-05,0.955,0.96,0.8501,0.8502,25113.0
2023-10-06,0.8601,0.99,0.8501,0.9101,5218.0
2023-10-09,0.9101,0.955,0.9101,0.955,411.0
2023-10-10,0.88,0.9899,0.8506,0.907,16568.0
2023-10-11,0.91,0.9898,0.906,0.93,2047.0
2023-10-12,0.8961,0.95,0.851,0.8865,22110.0
2023-10-13,0.899,0.921,0.88,0.92,2442.0
2023-10-16,0.9757,0.9757,0.9757,0.9757,804.0
2023-10-17,0.9814,0.9899,0.9001,0.9899,1293.0
2023-10-18,0.95,0.988,0.8505,0.97,4202.0
2023-10-19,0.85,0.95,0.844,0.95,8756.0
2023-10-20,0.8149,0.88,0.7,0.8488,14264.0
2023-10-23,0.84,0.8401,0.7101,0.823,4051.0
2023-10-24,0.72,0.7591,0.6505,0.73,11917.0
2023-10-25,0.66,0.81,0.66,0.7628,8939.0
2023-10-26,0.7,0.71,0.65,0.7,21427.0
2023-10-27,0.6501,0.7887,0.65,0.7887,34357.0
2023-10-30,0.8255,0.93,0.7181,0.82,70851.0
2023-10-31,0.814,0.887,0.779,0.887,22947.0
2023-11-01,0.7107,0.8,0.701,0.78,25316.0
2023-11-02,0.7203,0.73,0.6903,0.73,5900.0
2023-11-03,0.73,0.86,0.69,0.86,11291.0
2023-11-06,0.81,0.85,0.72,0.828,16242.0
2023-11-07,0.8328,0.8328,0.8228,0.83,1007.0
2023-11-08,0.8399,0.8399,0.7247,0.82,5508.0
2023-11-09,0.81,0.84,0.81,0.84,1276.0
2023-11-10,0.8,0.88,0.791,0.88,4355.0
2023-11-13,0.97,0.97,0.85,0.864,3802.0
2023-11-14,0.82,0.82,0.74,0.818,8177.0
2023-11-15,0.7,0.9201,0.7,0.9001,17665.0
2023-11-16,0.74,0.92,0.72,0.85,3369.0
2023-11-17,0.76,0.89,0.75,0.87,5133.0
2023-11-20,0.7901,0.89,0.7901,0.88,3268.0
2023-11-21,0.8,0.89,0.8,0.88,3059.0
2023-11-22,0.85,0.8501,0.7,0.82,25446.0
2023-11-24,0.76,0.812,0.7159,0.799,10383.0
2023-11-27,0.789,0.811,0.789,0.79,3378.0
2023-11-28,0.841,0.8431,0.8,0.8,476.0
2023-11-29,0.7201,0.83,0.7201,0.8028,9122.0
2023-11-30,0.735,0.79,0.735,0.79,10014.0
2023-12-01,0.8,0.8,0.6006,0.75,50579.0
2023-12-04,0.75,0.75,0.684,0.686,7225.0
2023-12-05,0.691,0.73,0.6304,0.7279,9221.0
2023-12-06,0.728,0.73,0.66,0.72,9850.0
2023-12-07,0.727,0.749,0.67,0.74,3874.0
2023-12-08,0.7401,0.75,0.6306,0.74,5164.0
2023-12-11,0.74,0.75,0.6504,0.73,5315.0
2023-12-12,0.73,0.73,0.6504,0.71,15248.0
2023-12-13,0.71,0.71,0.71,0.71,415.0
2023-12-14,0.6631,0.73,0.663,0.72,5940.0
2023-12-15,0.7,0.71,0.63,0.68,9766.0
2023-12-18,0.6486,0.7,0.55,0.64,29264.0
2023-12-19,0.638,0.66,0.505,0.57,72161.0
2023-12-20,0.5474,0.5474,0.48,0.5198,56998.0
2023-12-21,0.4676,0.55,0.4676,0.55,21073.0
2023-12-22,0.44,0.6148,0.44,0.6097,30399.0
2023-12-26,0.61,0.77,0.61,0.7099,55569.0
2023-12-27,0.7,1.07,0.6175,1.07,125077.0
2023-12-28,1.0,1.08,0.87,1.07,105694.0
2023-12-29,1.08,1.1,0.9814,1.1,43387.0
2024-01-02,1.1,1.14,1.02,1.11,28872.0
2024-01-03,1.11,1.11,1.054,1.09,9069.0
2024-01-04,1.09,1.09,1.0005,1.06,30809.0
2024-01-05,1.05,1.05,1.0,1.05,6371.0
2024-01-08,0.8499,1.0499,0.7709,0.98,16035.0
2024-01-09,0.97,1.02,0.9466,0.984,13819.0
2024-01-10,1.01,1.0135,0.98,1.0,13602.0
2024-01-11,1.0,1.02,0.875,1.0,6463.0
2024-01-12,0.99,1.02,0.89,1.02,2708.0
2024-01-16,1.02,1.0501,0.9487,1.02,31443.0
2024-01-17,1.01,1.0267,0.8101,1.01,10319.0
2024-01-18,0.9015,1.01,0.8801,0.9092,4116.0
2024-01-19,0.9101,0.98,0.8101,0.89,7857.0
2024-01-22,0.89,0.89,0.71,0.8277,10230.0
2024-01-23,0.8268,0.8277,0.7099,0.79,14430.0
2024-01-24,0.7,0.78,0.55,0.6376,64569.0
2024-01-25,0.561,0.6689,0.561,0.6445,70621.0
2024-01-26,0.6123,0.6445,0.58,0.62,17890.0
2024-01-29,0.642,0.642,0.5,0.57,45822.0
2024-01-30,0.5099,0.7,0.5099,0.65,30219.0
2024-01-31,0.65,0.693,0.65,0.693,9364.0
2024-02-01,0.69,0.693,0.6509,0.693,21562.0
2024-02-02,0.7497,0.82,0.727,0.8047,28603.0
2024-02-05,0.8047,0.8287,0.7201,0.8,11076.0
2024-02-06,0.72,0.72,0.5209,0.6123,65933.0
2024-02-07,0.5615,0.61,0.5615,0.5857,7481.0
2024-02-08,0.601,0.95,0.5311,0.586,997237.0
2024-02-09,0.601,0.601,0.5216,0.5545,49605.0
2024-02-12,0.59,0.59,0.5,0.569,119220.0
2024-02-13,0.5558,0.5995,0.5003,0.5702,58151.0
2024-02-14,0.6005,1.65,0.6002,0.7413,8491866.0
2024-02-15,0.68,0.89,0.65,0.83,420600.0
2024-02-16,0.797,0.96,0.75,0.89,284568.0
2024-02-20,0.8277,0.8401,0.6521,0.709,47330.0
2024-02-21,0.66,0.7255,0.6511,0.67,56184.0
2024-02-22,0.7625,0.7625,0.6682,0.6901,69951.0
2024-02-23,0.6801,0.7245,0.6801,0.6951,30176.0
2024-02-26,0.675,0.739,0.6035,0.7201,29897.0
2024-02-27,0.72,0.78,0.72,0.76,21758.0
2024-02-28,0.76,0.8938,0.76,0.78,13354.0
2024-02-29,0.78,0.7901,0.78,0.7901,8346.0
2024-03-01,0.82,0.82,0.64,0.756,8581.0
2024-03-04,0.76,0.81,0.76,0.81,9737.0
2024-03-05,0.78,0.81,0.6602,0.6602,28926.0
2024-03-06,0.661,0.749,0.661,0.7001,8736.0
2024-03-07,0.67,0.749,0.67,0.72,4251.0
2024-03-08,0.72,0.769,0.6622,0.6622,13278.0
2024-03-11,0.672,0.757,0.672,0.738,24947.0
2024-03-12,0.738,0.7876,0.699,0.7172,5257.0
2024-03-13,0.801,0.9645,0.7401,0.954,1866444.0
2024-03-14,0.84,0.8788,0.712,0.7497,302006.0
2024-03-15,0.7,0.75,0.674,0.6982,68528.0
2024-03-18,0.7,0.8463,0.7,0.7635,170391.0
2024-03-19,0.7355,0.7931,0.6968,0.71,143064.0
2024-03-20,0.72,0.75,0.701,0.7029,31041.0
2024-03-21,0.7029,0.726,0.7029,0.7252,5913.0
2024-03-22,0.72,0.7499,0.7,0.7,21368.0
2024-03-25,0.71,0.7359,0.6791,0.6823,28499.0
2024-03-26,0.68,0.714,0.6,0.611,164215.0
2024-03-27,0.6991,0.7,0.6225,0.641,21321.0
2024-03-28,0.65,0.6782,0.57,0.57,39704.0
2024-04-01,0.57,0.626,0.57,0.607,28978.0
2024-04-02,0.61,0.6439,0.5505,0.5518,34540.0
2024-04-03,0.609,0.609,0.5505,0.5511,13321.0
2024-04-04,0.599,0.63,0.5545,0.578,15082.0
2024-04-05,0.58,0.75,0.578,0.707,1569943.0
2024-04-08,0.6971,0.71,0.634,0.6425,220270.0
2024-04-09,0.618,0.6324,0.5562,0.56,81681.0
2024-04-10,0.56,0.75,0.56,0.7151,206940.0
2024-04-11,0.697,0.71,0.6616,0.71,80459.0
2024-04-12,0.71,0.71,0.67,0.672,20615.0
2024-04-15,0.7045,0.7045,0.6333,0.6333,46787.0
2024-04-16,0.6,0.65,0.59,0.6,28240.0
2024-04-17,0.61,0.68,0.6,0.6001,12415.0
2024-04-18,0.59,0.68,0.581,0.68,42208.0
2024-04-19,0.679,0.699,0.64,0.6706,318216.0
2024-04-22,0.666,0.6699,0.632,0.634,28128.0
2024-04-23,0.645,0.6959,0.64,0.643,34909.0
2024-04-24,0.64,0.695,0.635,0.6518,55394.0
2024-04-25,0.65,0.694,0.64,0.653,38353.0
2024-04-26,0.6399,0.695,0.6,0.694,28426.0
2024-04-29,0.6886,0.6886,0.5603,0.67,33134.0
2024-04-30,0.669,0.669,0.612,0.6207,8273.0
2024-05-01,0.62,0.62,0.563,0.605,7881.0
2024-05-02,0.61,0.6792,0.61,0.612,9841.0
2024-05-03,0.612,0.6571,0.612,0.63,6954.0
2024-05-06,0.629,0.684,0.629,0.665,10385.0
2024-05-07,0.66,0.66,0.6215,0.6481,8202.0
2024-05-08,0.65,0.6849,0.64,0.6511,32309.0
2024-05-09,0.652,0.6698,0.611,0.621,6039.0
2024-05-10,0.63,0.66,0.62,0.64,7992.0
2024-05-13,0.6401,0.72,0.6401,0.6776,49552.0
2024-05-14,0.67,0.6999,0.6352,0.6945,23245.0
2024-05-15,0.65,0.6501,0.6195,0.6218,20468.0
2024-05-16,0.63,0.72,0.6137,0.72,85155.0
2024-05-17,0.6984,0.791,0.6505,0.7601,102662.0
2024-05-20,0.74,0.7981,0.71,0.76,30852.0
2024-05-21,0.78,0.8,0.75,0.7745,35162.0
2024-05-22,0.795,0.8355,0.77,0.83,100506.0
2024-05-23,0.8051,0.9,0.74,0.8058,43928.0
2024-05-24,0.8,1.03,0.77,0.951,259195.0
2024-05-28,0.9118,1.01,0.87,0.91,67906.0
2024-05-29,0.94,0.94,0.9145,0.93,20865.0
2024-05-30,0.93,0.93,0.895,0.9099,15544.0
2024-05-31,0.91,0.98,0.91,0.922,22178.0
2024-06-03,0.8607,0.89,0.8,0.8701,36663.0
2024-06-04,0.8614,0.8615,0.8003,0.81,22936.0
2024-06-05,0.8005,0.9999,0.7201,0.9069,49545.0
2024-06-06,0.97,0.97,0.8978,0.8978,6004.0
2024-06-07,0.8899,0.9699,0.8899,0.94,32849.0
2024-06-10,0.8948,0.939,0.892,0.8922,29132.0
2024-06-11,0.88,0.89,0.8273,0.86,4672.0
2024-06-12,0.8411,0.92,0.8411,0.85,2926.0
2024-06-13,0.81,0.8799,0.7533,0.775,44273.0
2024-06-14,0.78,0.95,0.78,0.874,38780.0
2024-06-17,0.874,0.874,0.83,0.84,12521.0
2024-06-18,0.83,0.83,0.7901,0.7911,24740.0
2024-06-20,0.792,0.83,0.792,0.83,7860.0
2024-06-21,0.84,0.87,0.84,0.8521,8559.0
2024-06-24,0.8499,0.85,0.8451,0.8451,1409.0
2024-06-25,0.8238,0.8238,0.801,0.801,3901.0
2024-06-26,0.801,0.802,0.7925,0.795,6347.0
2024-06-27,0.83,0.8326,0.8201,0.8289,1451.0
2024-06-28,0.8289,0.8289,0.8289,0.8289,235.0
2024-07-01,0.826,0.8908,0.8189,0.867,22461.0
2024-07-02,0.8956,0.8956,0.8051,0.8051,729.0
2024-07-03,0.82,0.8434,0.8,0.8434,4279.0
2024-07-05,0.8901,0.8901,0.8037,0.8445,6344.0
2024-07-08,0.8555,0.882,0.8555,0.8575,445.0
2024-07-09,0.7974,0.8996,0.7974,0.899,3030.0
2024-07-10,0.88,0.899,0.88,0.899,1164.0
2024-07-11,0.815,0.8794,0.797,0.84,35404.0
2024-07-12,0.84,0.8625,0.825,0.825,2962.0
2024-07-15,0.82,0.8999,0.8199,0.86,8652.0
2024-07-16,0.86,0.86,0.86,0.86,328.0
2024-07-17,0.8003,0.899,0.8,0.86,12402.0
2024-07-18,0.8515,0.853,0.8515,0.853,1215.0
2024-07-19,0.89,0.89,0.85,0.85,638.0
2024-07-22,0.81,0.823,0.8,0.8,13580.0
2024-07-23,0.82,0.83,0.82,0.821,1179.0
2024-07-24,0.821,1.07,0.821,0.965,158504.0
2024-07-25,0.901,1.05,0.873,0.9605,35313.0
2024-07-26,0.881,0.9828,0.881,0.9401,8994.0
2024-07-29,0.9402,0.9402,0.785,0.82,66013.0
2024-07-30,0.862,0.862,0.7924,0.8,23060.0
2024-07-31,0.82,0.825,0.8,0.818,51269.0
2024-08-01,0.84,0.84,0.82,0.8282,19652.0
2024-08-02,0.83,0.83,0.81,0.82,8719.0
2024-08-05,0.82,0.8225,0.79,0.79,12437.0
2024-08-06,0.8,0.83,0.78,0.8125,11438.0
2024-08-07,0.82,1.0099,0.82,0.866,19923.0
2024-08-08,0.8381,0.848,0.827,0.827,14791.0
2024-08-09,0.864,0.864,0.803,0.823,2477.0
2024-08-12,0.81,0.835,0.81,0.82,3765.0
2024-08-13,0.849,0.85,0.8201,0.84,961.0
2024-08-14,0.83,0.9425,0.83,0.86,7826.0
2024-08-15,0.86,0.86,0.8,0.814,998.0
2024-08-16,0.8188,0.9,0.8188,0.84,6709.0
2024-08-19,0.8499,0.89,0.8499,0.87,19357.0
2024-08-20,0.8525,0.8525,0.835,0.835,10266.0
2024-08-21,0.86,0.86,0.8599,0.86,835.0
2024-08-22,0.8599,0.946,0.8599,0.9299,22591.0
2024-08-23,0.9499,0.9797,0.9,0.97,33491.0
2024-08-26,0.9331,0.97,0.9331,0.96,2768.0
2024-08-27,0.98,1.0,0.923,1.0,78343.0
2024-08-28,1.0,1.0,0.938,0.9481,13765.0
2024-08-29,0.9,0.9481,0.8817,0.9,1932.0
2024-08-30,0.88,0.99,0.85,0.926,46151.0
2024-09-03,0.948,0.968,0.894,0.937,5311.0
2024-09-04,0.935,0.94,0.8501,0.8501,20433.0
2024-09-05,0.89,0.89,0.8,0.82,58101.0
2024-09-06,0.83,0.93,0.79,0.93,6165.0
2024-09-09,0.8833,0.8833,0.8,0.8,11423.0
2024-09-10,0.8,0.827,0.6,0.67,64010.0
2024-09-11,0.699,0.8696,0.698,0.7104,21741.0
2024-09-12,0.7104,0.7204,0.668,0.692,38910.0
2024-09-13,0.6603,0.661,0.6112,0.6159,4700.0
2024-09-16,0.62,0.6281,0.5633,0.58,13625.0
2024-09-17,0.57,0.679,0.566,0.675,23108.0
2024-09-18,0.7255,0.8,0.67,0.7,22709.0
2024-09-19,0.6641,0.6798,0.6052,0.64,33689.0
2024-09-20,0.6223,0.661,0.6211,0.661,6149.0
2024-09-23,0.65,0.727,0.65,0.65,3841.0
2024-09-24,0.65,0.65,0.65,0.65,178.0
2024-09-25,0.65,0.68,0.65,0.65,2810.0
2024-09-26,0.65,0.699,0.65,0.6679,2601.0
2024-09-27,0.6679,0.69,0.65,0.66,9383.0
2024-09-30,0.66,0.759,0.66,0.706,18382.0
2024-10-01,0.71,0.73,0.71,0.72,3333.0
2024-10-02,0.72,0.76,0.72,0.74,6999.0
2024-10-03,0.74,0.74,0.74,0.74,201.0
2024-10-04,0.74,0.74,0.6612,0.7072,10149.0
2024-10-07,0.68,1.07,0.61,0.8769,600932.0
2024-10-08,0.857,0.879,0.78,0.8021,63178.0
2024-10-09,0.85,0.85,0.7266,0.729,23929.0
2024-10-10,0.7703,0.7788,0.6345,0.651,38530.0
2024-10-11,0.6345,0.8567,0.6345,0.7189,122899.0
2024-10-14,0.73,0.8139,0.7272,0.805,38036.0
2024-10-15,0.81,0.81,0.75,0.795,33195.0
2024-10-16,0.72,1.3,0.71,1.04,575128.0
2024-10-17,1.04,1.15,0.99,1.1,95810.0
2024-10-18,1.08,1.12,0.98,0.99,65317.0
2024-10-21,1.01,1.18,0.99,1.07,150487.0
2024-10-22,1.14,1.48,1.105,1.22,247423.0
2024-10-23,1.26,1.53,1.26,1.53,167152.0
2024-10-24,1.53,1.53,1.36,1.37,147055.0
2024-10-25,1.4,1.4,1.3409,1.365,29164.0
2024-10-28,1.36,1.367,1.28,1.35,45614.0
2024-10-29,1.35,1.44,1.35,1.36,16833.0
2024-10-30,1.33,1.3585,1.29,1.35,82835.0
2024-10-31,1.35,1.4,1.35,1.3915,13604.0
2024-11-01,1.3899,1.5,1.3897,1.49,22240.0
2024-11-04,1.5,1.71,1.44,1.6997,116834.0
2024-11-05,1.67,1.78,1.55,1.58,59361.0
2024-11-06,1.58,1.742,1.36,1.4,41984.0
2024-11-07,1.33,1.378,1.22,1.23,54735.0
2024-11-08,1.2,1.25,1.03,1.16,370935.0
2024-11-11,1.19,1.2836,1.19,1.28,31458.0
2024-11-12,1.31,1.31,1.23,1.28,16170.0
2024-11-13,1.28,1.32,1.22,1.22,4010.0
2024-11-14,1.22,1.22,1.11,1.11,10142.0
2024-11-15,1.16,1.24,1.03,1.17,19817.0
2024-11-18,1.17,1.21,1.115,1.17,13908.0
2024-11-19,1.1476,1.19,1.1476,1.16,12007.0
2024-11-20,1.16,1.16,1.15,1.16,29812.0
2024-11-21,1.1599,1.24,1.1512,1.205,7084.0
2024-11-22,1.1601,1.2,1.1601,1.2,1141.0
2024-11-25,1.2001,1.2001,1.15,1.15,6674.0
2024-11-26,1.2615,1.2615,1.16,1.18,5467.0
2024-11-27,1.18,1.2,1.18,1.2,2028.0
2024-11-29,1.2,1.2,1.19,1.19,1258.0
2024-12-02,1.155,1.1667,1.15,1.15,15894.0
2024-12-03,1.12,1.1625,1.12,1.16,2682.0
2024-12-04,1.17,1.19,1.16,1.18,6089.0
2024-12-05,1.18,1.2598,1.16,1.2,22708.0
2024-12-06,1.245,1.28,1.19,1.28,7404.0
2024-12-09,1.29,1.4,1.27,1.28,8081.0
2024-12-10,1.33,1.51,1.29,1.37,20740.0
2024-12-11,1.314,1.314,1.2042,1.31,17371.0
2024-12-12,1.3,1.3,1.23,1.24,11396.0
2024-12-13,1.3,1.37,1.2601,1.2601,4284.0
2024-12-16,1.27,1.33,1.21,1.21,10450.0
2024-12-17,1.2,1.26,1.17,1.24,25544.0
2024-12-18,1.21,1.29,1.21,1.29,2588.0
2024-12-19,1.2725,1.2725,1.1,1.17,22433.0
2024-12-20,1.25,1.27,1.19,1.19,14670.0
2024-12-23,1.2,1.25,1.19,1.19,6342.0
2024-12-24,1.0876,1.17,1.0876,1.17,18282.0
2024-12-26,1.2,1.23,1.2,1.22,3401.0
2024-12-27,1.2,1.2198,1.17,1.18,3986.0
2024-12-30,1.22,1.43,1.22,1.4,147443.0
2024-12-31,1.41,1.41,1.28,1.36,50949.0
2025-01-02,1.4,1.445,1.3,1.3,26435.0
2025-01-03,1.2093,1.39,1.2093,1.32,24935.0
2025-01-06,1.3,1.48,1.2338,1.35,23473.0
2025-01-07,1.39,1.4418,1.26,1.295,7381.0
2025-01-08,1.29,1.47,1.23,1.28,52149.0
2025-01-10,1.33,1.44,1.2167,1.33,28715.0
2025-01-13,1.32,1.35,1.26,1.26,7171.0
2025-01-14,1.26,1.34,1.26,1.28,1029.0
2025-01-15,1.34,1.34,1.265,1.27,3191.0
2025-01-16,1.13,1.291,1.13,1.24,27803.0
2025-01-17,1.2125,1.3109,1.2,1.25,12050.0
2025-01-21,1.22,1.32,1.15,1.3,8106.0
2025-01-22,1.355,1.355,1.238,1.35,2665.0
2025-01-23,1.35,1.35,1.35,1.35,128.0
2025-01-24,1.2101,1.35,1.2101,1.2906,2439.0
2025-01-27,1.34,1.34,1.2654,1.2654,495.0
2025-01-28,1.24,1.26,1.24,1.26,616.0
2025-01-29,1.25,1.34,1.25,1.28,3975.0
2025-01-30,1.315,1.32,1.315,1.32,1679.0
2025-01-31,1.287,1.44,1.2853,1.32,7775.0
2025-02-03,1.2777,1.42,1.27,1.28,18232.0
2025-02-04,1.21,1.3149,1.21,1.285,5076.0
2025-02-05,1.33,1.33,1.295,1.295,435.0
2025-02-06,1.22,1.33,1.22,1.26,3993.0
2025-02-07,1.26,1.26,1.26,1.26,819.0
2025-02-10,1.26,1.26,1.26,1.26,373.0
2025-02-11,1.2816,1.2816,1.28,1.28,930.0
2025-02-12,1.27,1.27,1.27,1.27,250.0
2025-02-13,1.27,1.27,1.27,1.27,174.0
2025-02-14,1.27,1.27,1.27,1.27,154.0
2025-02-18,1.281,1.29,1.28,1.29,4433.0
2025-02-19,1.298,1.3629,1.27,1.28,2406.0
2025-02-20,1.27,1.38,1.27,1.315,3409.0
2025-02-21,1.27,1.295,1.27,1.29,781.0
2025-02-24,1.29,1.3,1.28,1.3,1998.0
2025-02-25,1.3,1.32,1.3,1.3,1365.0
2025-02-26,1.3,1.3,1.3,1.3,795.0
2025-02-27,1.301,1.3127,1.27,1.295,14394.0
2025-02-28,1.32,1.35,1.28,1.28,15947.0
2025-03-03,1.25,1.3119,1.25,1.25,7138.0
2025-03-04,1.249,1.249,1.14,1.21,5791.0
2025-03-05,1.24,1.32,1.23,1.32,2183.0
2025-03-06,1.26,1.32,1.25,1.25,2532.0
2025-03-07,1.21,1.21,1.2,1.2,860.0
2025-03-10,1.2,1.25,1.18,1.25,6090.0
2025-03-11,1.2,1.295,1.2,1.21,9092.0
2025-03-12,1.22,1.22,1.22,1.22,4603.0
2025-03-13,1.22,1.2383,1.22,1.2383,1064.0
2025-03-14,1.22,1.31,1.22,1.22,2211.0
2025-03-17,1.2469,1.2469,1.22,1.22,843.0
2025-03-18,1.23,1.25,1.22,1.23,9222.0
2025-03-19,1.265,1.3,1.22,1.22,3576.0
2025-03-20,1.22,1.22,1.21,1.21,898.0
2025-03-21,1.21,1.21,1.21,1.21,646.0
2025-03-24,1.21,1.21,1.21,1.21,645.0
2025-03-25,1.2,1.295,1.2,1.295,13555.0
2025-03-26,1.23,1.285,1.21,1.21,1749.0
2025-03-27,1.21,1.235,1.21,1.21,7472.0
2025-03-28,1.21,1.306,1.21,1.25,6169.0
2025-03-31,1.22,1.2234,1.21,1.21,1215.0
2025-04-01,1.2294,1.42,1.2,1.2,23931.0
2025-04-02,1.2222,1.2222,1.2222,1.2222,1061.0
2025-04-03,1.21,1.3,1.21,1.3,1727.0
2025-04-04,1.31,1.31,1.22,1.22,1182.0
2025-04-07,1.12,1.32,1.12,1.3106,16064.0
2025-04-08,1.31,1.32,1.25,1.2534,2652.0
2025-04-09,1.27,1.27,1.2,1.2105,13850.0
2025-04-10,1.22,1.31,1.22,1.22,19519.0
2025-04-11,1.2262,1.26,1.2,1.26,70707.0
2025-04-14,1.27,1.3589,1.27,1.29,4346.0
2025-04-15,1.3993,1.7,1.31,1.65,78736.0
2025-04-16,1.6681,1.85,1.57,1.7,42728.0
2025-04-17,1.66,1.9,1.6201,1.78,32249.0
2025-04-21,1.78,1.84,1.65,1.65,21900.0
2025-04-22,1.76,1.76,1.56,1.592,9215.0
2025-04-23,1.54,1.58,1.4444,1.4999,14249.0
2025-04-24,1.45,1.55,1.45,1.55,5441.0
2025-04-25,1.42,1.49,1.42,1.44,3305.0
2025-04-28,1.44,1.5862,1.44,1.5862,7758.0
2025-04-29,1.63,1.63,1.55,1.5501,847.0
2025-04-30,1.55,1.56,1.4493,1.555,2303.0
2025-05-01,1.51,1.67,1.51,1.598,6445.0
2025-05-02,1.51,1.62,1.43,1.5224,23977.0
2025-05-05,1.43,1.51,1.42,1.509,2687.0
2025-05-06,1.56,1.56,1.42,1.42,5780.0
2025-05-07,1.59,1.59,1.23,1.2501,68554.0
2025-05-08,1.32,1.49,1.31,1.32,24028.0
2025-05-09,1.36,1.5,1.34,1.41,3883.0
2025-05-12,1.46,1.5728,1.44,1.5,22122.0
2025-05-13,1.5,1.55,1.5,1.5,8953.0
2025-05-14,1.495,1.5539,1.495,1.54,2962.0
2025-05-15,1.53,1.5401,1.53,1.54,5950.0
2025-05-16,1.43,1.45,1.43,1.45,1659.0
2025-05-19,1.47,1.56,1.45,1.54,8833.0
2025-05-20,1.56,1.565,1.54,1.565,1361.0
2025-05-21,1.57,1.57,1.55,1.55,1143.0
2025-05-22,1.55,1.55,1.42,1.4401,12555.0
2025-05-23,1.48,1.48,1.4701,1.4701,1626.0
2025-05-27,1.53,1.55,1.53,1.55,4330.0
2025-05-28,1.56,1.56,1.535,1.54,9193.0
2025-05-29,1.51,1.51,1.45,1.4502,6191.0
2025-05-30,1.47,1.51,1.41,1.41,12981.0
2025-06-02,1.45,1.5358,1.45,1.48,24303.0
2025-06-03,1.558,1.56,1.495,1.495,1218.0
2025-06-04,1.56,1.64,1.535,1.64,54391.0
2025-06-05,1.65,1.84,1.65,1.8302,10666.0
2025-06-06,1.86,1.89,1.8241,1.87,23036.0
2025-06-09,1.9001,1.9001,1.8,1.845,5112.0
2025-06-10,1.8499,2.14,1.815,2.06,95070.0
2025-06-11,2.06,2.47,1.9,2.09,264383.0
2025-06-12,2.19,2.29,1.92,2.0132,191777.0
2025-06-13,1.95,2.295,1.95,2.11,316715.0
2025-06-16,2.05,2.22,1.95,2.08,127812.0
2025-06-17,2.07,2.38,2.06,2.11,9759.0
2025-06-18,2.25,2.259,2.02,2.09,24341.0
2025-06-20,2.1,2.24,1.92,2.24,41129.0
2025-06-23,2.19,2.19,2.06,2.19,9974.0
2025-06-24,2.245,2.26,1.67,2.02,34219.0
2025-06-25,1.94,1.97,1.94,1.97,2013.0
2025-06-26,1.969,2.0,1.962,1.98,3467.0
2025-06-27,1.98,1.98,1.98,1.98,1450.0
2025-06-30,2.01,2.61,1.94,2.5,675827.0
2025-07-01,2.55,2.8766,2.2701,2.56,808859.0
2025-07-02,2.52,2.67,2.2,2.3,518033.0
2025-07-03,2.27,2.6599,2.15,2.6,573896.0
2025-07-07,2.58,3.14,2.412,2.99,798315.0
2025-07-08,2.75,3.02,2.31,2.45,545643.0
2025-07-09,2.44,2.83,2.43,2.46,1586919.0
2025-07-10,2.5,2.9894,2.47,2.59,2346450.0
2025-07-11,2.5371,2.9,2.49,2.53,2354942.0
2025-07-14,2.51,2.82,1.77,2.501,2124651.0
2025-07-15,2.49,3.35,2.49,3.07,3852046.0
2025-07-16,2.97,3.35,2.74,3.08,2880590.0
2025-07-17,3.13,3.25,3.01,3.03,2410939.0
2025-07-18,3.19,3.19,2.71,3.06,1333612.0
2025-07-21,1.65,1.72,0.1437,0.1601,101477227.0
2025-07-22,0.1963,0.2088,0.16,0.1851,91126226.0
2025-07-23,0.18,0.187,0.1692,0.1789,27451499.0
2025-07-24,0.206,0.243,0.1828,0.2073,79575331.0
2025-07-25,0.208,0.2088,0.1028,0.127,97818865.0
2025-07-28,0.134,0.1386,0.1212,0.1247,35668229.0
2025-07-29,0.118,0.118,0.0956,0.11,15932349.0
2025-07-30,0.1117,0.1375,0.1117,0.128,59041078.0
2025-07-31,0.1664,0.177,0.055,0.0594,547218894.0
2025-08-01,0.0699,0.095,0.0669,0.084,579671893.0
2025-08-04,0.0787,0.093,0.071,0.077,152402215.0
2025-08-05,0.07,0.0708,0.0626,0.0664,66073219.0
2025-08-06,0.0636,0.068,0.058,0.065,62884871.0
2025-08-07,0.0617,0.0641,0.06,0.0607,29836038.0
2025-08-08,0.0622,0.0737,0.0622,0.0695,83631217.0
2025-08-11,0.07,0.0706,0.0624,0.064,43431981.0
2025-08-12,0.0627,0.0663,0.0613,0.0644,27837265.0
2025-08-13,0.062,0.0634,0.0588,0.0604,42535735.0
2025-08-14,0.0582,0.059,0.055,0.0564,26870979.0
2025-08-15,0.0578,0.0578,0.0506,0.0542,23939877.0
2025-08-18,0.0542,0.0616,0.053,0.0545,27535254.0
2025-08-19,0.0585,0.0625,0.0548,0.0576,52011722.0
2025-08-20,0.0556,0.0563,0.0519,0.053,19027315.0
2025-08-21,0.054,0.0543,0.0494,0.0514,35295056.0
2025-08-22,0.048,0.0514,0.047,0.0482,23648850.0
2025-08-25,0.051,0.051,0.048,0.048,20104935.0
2025-08-26,0.05,0.05,0.0402,0.0431,34901024.0
2025-08-27,0.043,0.0529,0.0417,0.047,152033863.0
2025-08-28,0.0635,0.0645,0.0488,0.0532,376526034.0
2025-08-29,0.0498,0.0525,0.046,0.0465,45722320.0
2025-09-02,0.0494,0.0534,0.0476,0.0504,99987449.0
2025-09-03,0.0485,0.0485,0.045,0.045,29806415.0
2025-09-04,0.0452,0.0477,0.0452,0.0477,29667439.0
2025-09-05,0.0497,0.0497,0.0431,0.0445,16283110.0
2025-09-08,0.044,0.044,0.035,0.0389,63175015.0
2025-09-09,0.0357,0.0371,0.0345,0.0356,59527223.0
2025-09-10,0.04,0.04,0.0364,0.0374,31351089.0
2025-09-11,0.038,0.0411,0.037,0.04,62780834.0
2025-09-12,0.0449,0.0449,0.0396,0.0428,50651430.0
2025-09-15,0.044,0.0508,0.0432,0.0476,56542580.0
2025-09-16,0.049,0.0525,0.0445,0.0469,47927654.0
2025-09-17,0.045,0.0485,0.0401,0.0447,27186376.0
2025-09-18,0.0448,0.065,0.0435,0.0606,116369785.0
2025-09-19,0.0582,0.0779,0.0516,0.0596,141681496.0
2025-09-22,0.0614,0.0725,0.0601,0.0668,92214021.0
2025-09-23,0.067,0.069,0.058,0.0614,48935840.0
2025-09-24,0.0774,0.0822,0.065,0.0711,205251891.0
2025-09-25,0.0527,0.0537,0.045,0.0476,78583615.0
2025-09-26,0.051,0.051,0.045,0.0461,37092571.0
2025-09-29,0.0461,0.0461,0.0355,0.0391,53275188.0
2025-09-30,5.04,5.54,3.65,4.09,942208.0
2025-10-01,4.25,6.03,4.15,4.48,1038209.0
2025-10-02,4.48,5.5,4.2,5.29,465427.0
2025-10-03,5.1,5.5131,4.82,5.08,158331.0
2025-10-06,4.87,5.79,4.8214,5.55,168683.0
2025-10-07,5.8,5.8234,5.1,5.3,96705.0
2025-10-08,5.06,6.0,5.04,5.73,126128.0
2025-10-09,5.64,6.09,5.5389,5.91,97211.0
2025-10-10,5.92,6.1799,5.82,5.92,78658.0
2025-10-13,6.0,6.51,5.92,6.49,78373.0
2025-10-14,6.74,7.1792,6.15,6.41,110640.0
2025-10-15,7.01,7.1,5.7301,6.11,54533.0
2025-10-16,6.04,6.05,5.18,5.285,63794.0
2025-10-17,5.41,5.76,5.3525,5.65,54628.0
2025-10-20,5.66,6.15,5.66,5.85,20483.0
2025-10-21,5.84,5.894,5.22,5.25,49368.0
2025-10-22,5.22,5.23,4.6925,4.84,46570.0
2025-10-23,4.8,5.13,4.71,5.04,41193.0
2025-10-24,5.01,5.17,5.01,5.03,26901.0
2025-10-27,4.9,5.05,4.8,4.9,24022.0
2025-10-28,4.88,4.9982,4.866,4.91,133772.0
2025-10-29,4.83,5.0,4.7,4.76,37935.0
2025-10-30,4.47,4.4999,4.1163,4.14,47528.0
2025-10-31,4.3,4.33,3.8,3.98,60559.0
2025-11-03,3.86,3.9808,3.66,3.74,19732.0
2025-11-04,3.73,3.85,3.66,3.78,19066.0
2025-11-05,3.78,4.15,3.78,4.04,16275.0
2025-11-06,4.08,4.08,3.7917,3.8,16354.0
2025-11-07,3.7107,3.7107,3.4851,3.6798,15502.0
2025-11-10,3.76,3.9,3.6,3.84,16199.0
2025-11-11,3.84,4.11,3.6636,4.04,17941.0
2025-11-12,4.03,4.13,4.03,4.0501,12009.0
2025-11-13,4.16,4.16,3.7137,3.98,11945.0
2025-11-14,3.88,4.06,3.7605,4.05,8643.0
2025-11-17,4.01,4.01,3.82,3.91,10505.0
2025-11-18,3.8,3.89,3.65,3.8,14830.0
2025-11-19,3.78,3.85,3.5436,3.75,12684.0
2025-11-20,3.85,3.85,3.3201,3.325,19701.0
2025-11-21,3.32,3.57,3.1259,3.32,17357.0
2025-11-24,3.32,3.7467,3.32,3.44,23996.0
2025-11-25,3.61,4.15,3.61,4.05,58280.0
2025-11-26,3.96,4.1182,3.45,3.48,44528.0
2025-11-28,3.6418,3.7387,3.56,3.67,9237.0
